2300.81	121496
2299.55	121353
2298.3	121637
2297.04	121702
2295.79	121440
2294.53	121722
2293.28	121643
2292.02	121716
2290.77	121865
2289.51	121454
2288.26	121459
2287	121858
2285.74	121624
2284.49	121544
2283.23	121947
2281.97	121932
2280.71	122116
2279.46	121948
2278.2	121323
2276.94	121851
2275.68	122195
2274.42	122282
2273.16	121729
2271.9	122159
2270.65	122078
2269.39	121639
2268.13	122185
2266.87	121887
2265.61	122021
2264.35	122254
2263.08	122326
2261.82	121869
2260.56	122306
2259.3	122172
2258.04	122565
2256.78	122459
2255.52	122002
2254.25	122659
2252.99	121887
2251.73	122500
2250.47	122250
2249.2	122320
2247.94	122509
2246.68	122428
2245.41	122299
2244.15	122206
2242.89	122433
2241.62	122400
2240.36	122531
2239.09	122872
2237.83	122634
2236.56	122949
2235.3	122758
2234.03	122515
2232.77	122419
2231.5	122661
2230.23	122887
2228.97	122838
2227.7	122614
2226.43	123205
2225.17	123047
2223.9	122750
2222.63	122222
2221.37	122665
2220.1	123156
2218.83	123019
2217.56	122962
2216.29	122959
2215.02	123230
2213.75	123029
2212.49	122991
2211.22	122920
2209.95	122944
2208.68	123130
2207.41	123383
2206.14	122509
2204.87	123291
2203.59	122827
2202.32	123194
2201.05	123118
2199.78	123344
2198.51	122470
2197.24	123221
2195.97	123322
2194.69	123268
2193.42	123256
2192.15	123206
2190.87	122953
2189.6	123507
2188.33	123229
2187.05	123366
2185.78	122580
2184.51	123185
2183.23	123499
2181.96	123731
2180.68	122965
2179.41	123085
2178.13	123497
2176.86	123744
2175.58	123164
2174.31	123594
2173.03	123430
2171.75	123252
2170.48	123632
2169.2	123305
2167.92	123770
2166.65	123615
2165.37	123295
2164.09	123694
2162.82	123577
2161.54	123102
2160.26	123852
2158.98	123349
2157.7	123643
2156.42	123514
2155.14	123766
2153.86	123487
2152.59	123663
2151.31	123714
2150.03	123957
2148.75	123930
2147.47	123903
2146.18	124443
2144.9	123891
2143.62	123638
2142.34	124371
2141.06	123698
2139.78	124206
2138.5	124520
2137.21	123748
2135.93	123779
2134.65	123824
2133.37	124386
2132.08	124052
2130.8	124162
2129.52	123492
2128.23	124154
2126.95	123480
2125.66	124078
2124.38	124423
2123.1	124399
2121.81	123605
2120.53	124541
2119.24	123932
2117.96	123806
2116.67	123921
2115.38	124671
2114.1	124599
2112.81	123843
2111.52	124150
2110.24	124209
2108.95	124028
2107.66	124383
2106.38	123886
2105.09	124139
2103.8	123624
2102.51	123952
2101.22	123997
2099.94	124135
2098.65	124536
2097.36	123830
2096.07	124528
2094.78	124305
2093.49	124032
2092.2	124229
2090.91	124305
2089.62	124301
2088.33	124417
2087.04	124492
2085.75	124449
2084.46	124939
2083.16	125028
2081.87	124611
2080.58	123893
2079.29	124634
2078	124841
2076.7	124253
2075.41	124699
2074.12	124972
2072.82	124455
2071.53	124194
2070.24	125002
2068.94	124399
2067.65	124957
2066.36	124524
2065.06	124919
2063.77	124436
2062.47	125247
2061.18	124667
2059.88	124096
2058.58	124835
2057.29	124958
2055.99	125094
2054.7	125563
2053.4	124083
2052.1	125058
2050.81	124486
2049.51	125115
2048.21	125088
2046.91	124687
2045.62	124989
2044.32	124867
2043.02	125150
2041.72	125184
2040.42	125626
2039.12	125470
2037.82	125731
2036.52	124882
2035.22	125845
2033.92	125460
2032.62	125156
2031.32	125151
2030.02	125770
2028.72	125998
2027.42	125822
2026.12	125019
2024.82	125762
2023.52	125481
2022.21	125695
2020.91	125510
2019.61	125673
2018.31	125348
2017	125230
2015.7	125922
2014.4	125718
2013.09	125689
2011.79	125536
2010.49	125779
2009.18	125376
2007.88	125255
2006.57	125965
2005.27	126081
2003.96	125860
2002.66	125222
2001.35	126096
2000.05	125954
1998.74	125480
1997.43	125673
1996.13	125980
1994.82	125840
1993.51	125737
1992.21	126374
1990.9	125985
1989.59	125838
1988.28	126000
1986.97	125965
1985.67	125796
1984.36	126068
1983.05	126373
1981.74	126273
1980.43	126142
1979.12	125979
1977.81	126478
1976.5	126401
1975.19	126570
1973.88	126456
1972.57	126816
1971.26	125972
1969.95	126091
1968.64	126699
1967.33	126425
1966.01	125934
1964.7	126141
1963.39	126460
1962.08	126429
1960.77	125738
1959.45	126240
1958.14	125931
1956.83	126034
1955.51	126270
1954.2	126383
1952.89	126338
1951.57	126961
1950.26	126452
1948.94	126202
1947.63	126589
1946.31	126475
1945	126271
1943.68	126671
1942.36	127175
1941.05	127045
1939.73	125898
1938.42	127080
1937.1	126458
1935.78	126516
1934.47	126432
1933.15	127237
1931.83	126815
1930.51	126514
1929.19	127233
1927.88	126997
1926.56	127090
1925.24	126888
1923.92	127501
1922.6	126444
1921.28	127434
1919.96	126764
1918.64	126926
1917.32	127358
1916	127205
1914.68	127085
1913.36	127693
1912.04	127529
1910.72	127244
1909.39	126669
1908.07	128081
1906.75	128057
1905.43	127503
1904.11	127430
1902.78	127285
1901.46	127899
1900.14	127822
1898.81	127498
1897.49	127615
1896.17	128275
1894.84	127603
1893.52	128083
1892.19	127959
1890.87	128259
1889.54	127939
1888.22	128535
1886.89	128509
1885.57	127938
1884.24	128453
1882.92	128672
1881.59	128563
1880.26	128793
1878.94	128723
1877.61	128633
1876.28	128305
1874.95	128528
1873.63	128556
1872.3	128314
1870.97	128113
1869.64	128143
1868.31	128883
1866.98	129020
1865.65	128742
1864.32	128892
1863	129033
1861.67	128781
1860.34	128958
1859	128855
1857.67	128973
1856.34	128555
1855.01	129937
1853.68	129522
1852.35	128748
1851.02	129719
1849.69	129544
1848.35	129133
1847.02	129388
1845.69	129096
1844.36	129242
1843.02	129358
1841.69	128936
1840.36	130051
1839.02	129511
1837.69	129453
1836.35	129890
1835.02	129871
1833.68	129841
1832.35	130492
1831.01	130078
1829.68	129449
1828.34	129828
1827.01	129942
1825.67	129639
1824.33	130206
1823	129816
1821.66	129951
1820.32	130083
1818.99	130197
1817.65	130361
1816.31	130411
1814.97	129792
1813.64	130070
1812.3	129781
1810.96	130884
1809.62	129985
1808.28	130480
1806.94	130147
1805.6	130585
1804.26	130241
1802.92	130484
1801.58	131110
1800.24	130608
1798.9	130644
1797.56	130950
1796.22	130224
1794.87	130596
1793.53	131149
1792.19	130931
1790.85	131331
1789.51	130939
1788.16	130281
1786.82	131319
1785.48	130812
1784.13	131722
1782.79	130672
1781.45	131337
1780.1	131669
1778.76	131548
1777.41	131443
1776.07	131589
1774.72	131161
1773.38	131548
1772.03	131916
1770.69	132013
1769.34	132139
1767.99	131917
1766.65	133030
1765.3	132706
1763.95	132603
1762.61	132043
1761.26	132289
1759.91	133188
1758.56	132317
1757.22	132483
1755.87	132495
1754.52	132974
1753.17	133064
1751.82	133389
1750.47	133640
1749.12	132325
1747.77	133030
1746.42	133066
1745.07	132604
1743.72	132812
1742.37	133536
1741.02	133281
1739.67	133728
1738.32	133264
1736.97	132954
1735.61	133493
1734.26	133826
1732.91	133962
1731.56	133352
1730.2	133311
1728.85	133683
1727.5	134036
1726.14	133826
1724.79	133752
1723.44	133777
1722.08	133931
1720.73	133675
1719.37	133710
1718.02	133930
1716.66	134084
1715.31	133666
1713.95	134136
1712.59	133939
1711.24	133378
1709.88	133531
1708.53	133983
1707.17	133788
1705.81	133877
1704.45	133387
1703.1	134546
1701.74	133676
1700.38	134204
1699.02	134103
1697.66	134074
1696.3	133959
1694.95	134266
1693.59	133853
1692.23	133710
1690.87	134315
1689.51	134315
1688.15	134503
1686.79	133561
1685.43	134057
1684.06	134063
1682.7	133916
1681.34	134443
1679.98	133742
1678.62	134626
1677.26	133792
1675.89	133736
1674.53	134193
1673.17	133342
1671.8	134151
1670.44	133715
1669.08	134115
1667.71	133761
1666.35	134462
1664.99	134143
1663.62	133885
1662.26	134371
1660.89	133939
1659.53	134453
1658.16	133928
1656.79	134358
1655.43	134153
1654.06	134446
1652.7	133960
1651.33	134474
1649.96	134119
1648.59	135427
1647.23	134161
1645.86	134683
1644.49	134902
1643.12	135024
1641.75	134631
1640.39	135132
1639.02	135050
1637.65	135216
1636.28	134830
1634.91	135420
1633.54	135440
1632.17	135664
1630.8	135472
1629.43	135910
1628.06	136116
1626.69	136604
1625.31	136835
1623.94	137580
1622.57	138092
1621.2	138397
1619.83	138764
1618.45	139767
1617.08	141110
1615.71	140588
1614.34	141654
1612.96	141341
1611.59	140715
1610.21	140001
1608.84	139609
1607.47	139191
1606.09	138852
1604.72	138140
1603.34	138425
1601.96	138033
1600.59	139037
1599.21	138433
1597.84	138996
1596.46	138452
1595.08	139264
1593.71	139096
1592.33	138761
1590.95	139081
1589.57	139485
1588.2	139636
1586.82	139936
1585.44	139389
1584.06	139338
1582.68	140051
1581.3	139292
1579.92	139166
1578.54	139647
1577.16	139066
1575.78	139733
1574.4	138651
1573.02	139635
1571.64	138891
1570.26	139276
1568.88	139351
1567.5	139178
1566.12	138883
1564.74	139130
1563.35	139182
1561.97	139099
1560.59	138969
1559.2	138630
1557.82	139007
1556.44	138838
1555.05	138631
1553.67	139195
1552.29	138589
1550.9	138873
1549.52	138978
1548.13	139003
1546.75	138700
1545.36	138905
1543.97	139188
1542.59	139404
1541.2	139325
1539.82	139742
1538.43	138965
1537.04	139487
1535.66	139251
1534.27	139933
1532.88	139272
1531.49	139026
1530.1	139190
1528.72	138955
1527.33	139215
1525.94	139320
1524.55	139608
1523.16	139490
1521.77	139330
1520.38	139207
1518.99	139416
1517.6	140315
1516.21	139132
1514.82	139686
1513.43	139256
1512.04	139163
1510.64	139837
1509.25	139560
1507.86	139643
1506.47	139778
1505.07	140010
1503.68	140499
1502.29	139946
1500.9	140140
1499.5	140392
1498.11	140498
1496.71	140575
1495.32	140942
1493.92	140726
1492.53	141106
1491.13	141792
1489.74	142177
1488.34	141781
1486.95	141113
1485.55	140864
1484.16	141227
1482.76	141342
1481.36	140844
1479.96	140957
1478.57	141399
1477.17	141198
1475.77	141674
1474.37	141363
1472.98	140866
1471.58	140951
1470.18	141227
1468.78	140939
1467.38	141334
1465.98	140887
1464.58	141458
1463.18	140971
1461.78	141744
1460.38	141099
1458.98	141558
1457.58	141347
1456.18	141438
1454.77	141741
1453.37	141742
1451.97	141858
1450.57	141073
1449.17	141709
1447.76	141638
1446.36	141334
1444.96	141370
1443.55	141316
1442.15	141501
1440.75	141641
1439.34	141283
1437.94	140881
1436.53	140927
1435.13	141348
1433.72	141668
1432.32	142148
1430.91	141463
1429.5	140988
1428.1	141850
1426.69	141409
1425.28	141879
1423.88	141515
1422.47	140687
1421.06	140708
1419.65	140936
1418.25	141092
1416.84	140590
1415.43	140595
1414.02	140424
1412.61	141031
1411.2	140553
1409.79	140400
1408.38	140805
1406.97	140194
1405.56	140380
1404.15	140538
1402.74	140357
1401.33	140039
1399.92	140610
1398.51	139911
1397.09	140451
1395.68	140681
1394.27	140114
1392.86	141321
1391.44	140294
1390.03	139753
1388.62	140927
1387.2	140152
1385.79	141303
1384.38	140659
1382.96	140724
1381.55	141098
1380.13	140564
1378.72	140852
1377.3	141107
1375.89	141126
1374.47	141449
1373.05	141025
1371.64	141174
1370.22	141186
1368.8	141822
1367.39	141619
1365.97	142465
1364.55	142870
1363.13	143070
1361.72	142647
1360.3	142678
1358.88	142632
1357.46	142252
1356.04	141707
1354.62	142247
1353.2	141496
1351.78	141958
1350.36	142153
1348.94	142538
1347.52	142487
1346.1	142349
1344.68	142366
1343.26	142502
1341.83	141824
1340.41	141755
1338.99	141890
1337.57	141884
1336.15	142262
1334.72	142305
1333.3	141806
1331.88	142282
1330.45	141702
1329.03	141501
1327.6	141453
1326.18	141749
1324.75	141425
1323.33	141787
1321.9	141669
1320.48	141384
1319.05	141369
1317.63	141656
1316.2	141788
1314.77	141695
1313.35	141625
1311.92	141768
1310.49	140916
1309.06	141022
1307.64	141393
1306.21	141152
1304.78	140656
1303.35	141049
1301.92	141132
1300.49	141017
1299.06	140864
1297.63	141303
1296.2	141424
1294.77	141713
1293.34	141429
1291.91	141404
1290.48	140851
1289.05	141238
1287.62	140964
1286.19	140787
1284.76	140783
1283.32	140779
1281.89	141125
1280.46	140304
1279.03	140643
1277.59	140360
1276.16	140256
1274.72	140806
1273.29	140038
1271.86	140163
1270.42	139964
1268.99	139770
1267.55	139992
1266.12	139883
1264.68	139304
1263.24	139808
1261.81	139090
1260.37	139946
1258.94	140025
1257.5	140077
1256.06	139558
1254.62	139795
1253.19	139728
1251.75	139820
1250.31	139871
1248.87	139934
1247.43	139303
1245.99	139429
1244.56	139956
1243.12	140146
1241.68	140114
1240.24	140040
1238.8	140041
1237.36	139712
1235.91	140057
1234.47	139532
1233.03	140249
1231.59	139554
1230.15	139566
1228.71	140331
1227.26	139736
1225.82	139556
1224.38	140732
1222.94	141051
1221.49	140922
1220.05	140524
1218.61	140805
1217.16	141166
1215.72	141295
1214.27	140997
1212.83	140226
1211.38	141400
1209.94	140629
1208.49	140157
1207.05	140077
1205.6	140121
1204.15	140427
1202.71	139657
1201.26	139767
1199.81	139907
1198.36	139896
1196.92	139995
1195.47	139859
1194.02	140022
1192.57	139669
1191.12	139325
1189.67	139959
1188.22	139602
1186.77	139981
1185.32	139290
1183.87	139327
1182.42	139750
1180.97	139688
1179.52	139384
1178.07	138973
1176.62	139204
1175.17	138621
1173.72	138629
1172.26	138468
1170.81	138588
1169.36	138146
1167.91	137574
1166.45	137780
1165	137849
1163.54	137025
1162.09	138097
1160.64	137469
1159.18	137722
1157.73	137938
1156.27	137676
1154.82	137208
1153.36	136992
1151.91	136851
1150.45	136988
1148.99	137191
1147.54	136854
1146.08	136726
1144.62	136290
1143.16	136346
1141.71	136270
1140.25	136593
1138.79	136654
1137.33	136165
1135.87	136421
1134.41	135855
1132.95	136064
1131.49	136423
1130.03	136543
1128.57	135902
1127.11	135953
1125.65	135995
1124.19	136133
1122.73	136399
1121.27	135767
1119.81	135529
1118.35	135735
1116.88	135762
1115.42	136189
1113.96	135684
1112.5	135611
1111.03	136093
1109.57	135921
1108.11	135659
1106.64	136176
1105.18	136323
1103.71	135660
1102.25	136677
1100.78	135488
1099.32	136085
1097.85	135845
1096.38	136588
1094.92	135883
1093.45	136015
1091.99	136229
1090.52	136446
1089.05	136132
1087.58	136627
1086.12	136478
1084.65	136390
1083.18	136776
1081.71	136213
1080.24	136169
1078.77	136245
1077.3	136632
1075.83	136466
1074.36	136406
1072.89	136315
1071.42	136355
1069.95	135883
1068.48	136021
1067.01	136080
1065.54	136026
1064.07	135602
1062.59	135734
1061.12	135242
1059.65	135074
1058.18	135124
1056.7	135019
1055.23	135531
1053.76	135425
1052.28	135251
1050.81	134755
1049.33	135380
1047.86	134686
1046.38	135090
1044.91	134498
1043.43	134518
1041.96	134300
1040.48	134643
1039	135066
1037.53	134095
1036.05	134585
1034.57	133775
1033.1	133998
1031.62	133816
1030.14	134304
1028.66	133859
1027.18	134163
1025.71	133347
1024.23	134019
1022.75	133586
1021.27	133499
1019.79	134012
1018.31	133447
1016.83	133434
1015.35	133554
1013.86	132955
1012.38	133353
1010.9	133013
1009.42	133249
1007.94	132590
1006.46	132917
1004.97	132751
1003.49	132800
1002.01	132718
1000.52	133176
999.041	133362
997.557	132822
996.073	132844
994.588	132358
993.103	132635
991.618	132657
990.133	132057
988.648	132388
987.162	132312
985.676	131958
984.189	131628
982.703	131824
981.216	131800
979.729	131956
978.241	131787
976.753	130733
975.266	131658
973.777	131107
972.289	131604
970.8	131376
969.311	130689
967.822	130578
966.332	130299
964.842	130470
963.352	130094
961.861	130293
960.371	130053
958.88	129780
957.389	129895
955.897	129825
954.405	129260
952.913	129068
951.421	129554
949.928	129075
948.435	128616
946.942	128363
945.449	128465
943.955	128212
942.461	128522
940.967	128525
939.472	128008
937.978	127903
936.483	128114
934.987	127748
933.492	127866
931.996	127637
930.5	127465
929.003	127375
927.506	126899
926.01	126968
924.512	126701
923.015	126503
921.517	126882
920.019	126413
918.521	126251
917.022	126874
915.523	126644
914.024	126360
912.524	126666
911.025	126483
909.525	126143
908.024	126163
906.524	126495
905.023	125859
903.522	126257
902.021	126460
900.519	125911
899.017	125545
897.515	126386
896.013	126647
894.51	126451
893.007	125550
891.503	125863
890	125871
888.496	125316
886.992	125822
885.488	125930
883.983	126133
882.478	125959
880.973	125301
879.467	125806
877.962	125365
876.455	125822
874.949	125060
873.443	125780
871.936	125985
870.429	125320
868.921	124937
867.413	125066
865.905	125098
864.397	124745
862.889	124996
861.38	124743
859.871	125114
858.361	124374
856.852	124280
855.342	124317
853.832	123994
852.321	124337
850.81	124447
849.299	123878
847.788	123973
846.277	123839
844.765	123193
843.253	123119
841.74	123145
840.228	122871
838.715	123027
837.201	122889
835.688	123122
834.174	122734
832.66	122170
831.146	122326
829.631	122021
828.116	121657
826.601	121960
825.085	121494
823.57	121458
822.054	121519
820.537	121570
819.021	121152
817.504	121015
815.987	120452
814.469	120811
812.952	120805
811.434	120323
809.915	120173
808.397	120070
806.878	120105
805.359	119815
803.84	119966
802.32	119924
800.8	119908
799.28	120110
797.759	120226
796.239	119865
794.717	119810
793.196	119737
791.675	119264
790.153	119800
788.63	119658
787.108	119217
785.585	118668
784.062	119320
782.539	118882
781.015	119169
779.492	118985
777.967	119158
776.443	119321
774.918	119212
773.393	119148
771.868	118634
770.343	118567
768.817	118782
767.291	118675
765.764	118105
764.238	118997
762.711	118441
761.183	118678
759.656	118518
758.128	118302
756.6	118550
755.072	118464
753.543	118462
752.014	118455
750.485	118078
748.956	118209
747.426	117976
745.896	117966
744.365	117964
742.835	117692
741.304	117639
739.773	117356
738.241	117372
736.71	117399
735.178	116834
733.645	117141
732.113	117155
730.58	116877
729.047	116882
727.513	116480
725.979	116226
724.445	116271
722.911	116181
721.377	116248
719.842	116288
718.307	115270
716.771	115737
715.236	115454
713.7	115037
712.163	115014
710.627	114861
709.09	114750
707.553	115175
706.015	114745
704.478	114336
702.94	114327
701.401	114438
699.863	114607
698.324	114189
696.785	113991
695.246	113751
693.706	113816
692.166	113761
690.626	113834
689.085	112975
687.544	113376
686.003	113239
684.462	113093
682.92	112345
681.378	112608
679.836	112720
678.293	112704
676.751	112726
675.208	112371
673.664	112161
672.12	112202
670.576	112404
669.032	112225
667.488	111945
665.943	112065
664.398	111617
662.852	111540
661.307	111254
659.761	112092
658.215	111245
656.668	111084
655.121	110884
653.574	111046
652.027	110675
650.479	111027
648.931	110686
647.383	110468
645.834	110315
644.285	110393
642.736	109761
641.187	110091
639.637	109554
638.087	109019
636.537	109686
634.986	109045
633.436	108962
631.884	108948
630.333	108491
628.781	108333
627.229	108116
625.677	107856
624.124	107588
622.572	108138
621.018	108052
619.465	107947
617.911	107407
616.357	106658
614.803	106716
613.248	106620
611.694	106092
610.138	106310
608.583	106133
607.027	106128
605.471	105721
603.915	105555
602.358	105049
600.801	104994
599.244	104965
597.687	104321
596.129	104538
594.571	104334
593.013	103908
591.454	103756
589.895	103551
588.336	103581
586.776	102740
585.217	103128
583.656	102940
582.096	102621
580.535	102423
578.974	102626
577.413	102377
575.852	102204
574.29	101745
572.728	101488
571.165	101257
569.603	101448
568.04	101273
566.476	101225
564.913	101065
563.349	101306
561.785	100280
560.22	100445
558.656	100207
557.091	99974.6
555.525	100493
553.96	100482
552.394	99795.8
550.828	99847.5
549.261	99939
547.694	100121
546.127	99869.9
544.56	99257.9
542.992	99604.6
541.424	99508
539.856	99247.1
538.288	99456.6
536.719	98749.6
535.15	98949.5
533.58	98972.5
532.011	98747
530.441	98379.8
528.87	98996.7
527.3	98995.8
525.729	99198.6
524.158	98887.3
522.586	99368.4
521.015	98686.6
519.442	98954.4
517.87	98303.2
516.298	98555.1
514.725	98242.7
513.151	98972.8
511.578	98790.7
510.004	98298.9
508.43	98663.3
506.856	98079.6
505.281	97793
503.706	97633.5
502.131	97826.3
500.555	97724
498.979	97648.6
497.403	98130
495.827	97471
494.25	97511.5
492.673	97907
491.096	97283.3
489.518	97179.6
487.94	96508.7
486.362	96775.8
484.783	96523.3
483.205	95808.5
481.625	95974.3
480.046	96266.6
478.466	96025.5
476.886	96015.4
475.306	95744.4
473.726	95269.4
472.145	95096.6
470.564	94761
468.982	94703.8
467.4	94964.3
465.818	94940.2
464.236	94524.3
462.653	94187.5
461.07	93899.8
459.487	93958.1
457.904	94254.7
456.32	93272.6
454.736	93401.9
453.151	92844.8
451.567	93417.5
449.981	92467.8
448.396	92740.7
446.811	92559.4
445.225	92390.7
443.638	91892.7
442.052	92252.1
440.465	91869.3
438.878	91945.1
437.291	91842.8
435.703	91781.5
434.115	90972.5
432.527	91375.7
430.938	90804.6
429.349	90702.7
427.76	90622.7
426.171	90185.8
424.581	90557.3
422.991	89963.4
421.401	89853.8
419.81	89915.5
418.219	89388
416.628	88709.8
415.036	88468.5
413.444	88598
411.852	88085.2
410.26	87786.1
408.667	87681.8
407.074	86872.8
405.48	86560
403.887	86198.6
402.293	86188.7
400.699	86138.1
399.104	85367.8
397.509	84720.1
395.914	84517.7
394.319	83962.8
392.723	83983
391.127	83506.8
389.531	83478.6
387.934	83008.8
386.337	83170.2
384.74	82312.5
383.142	82092
381.544	81721.4
379.946	81712.3
378.348	81639.1
376.749	81170.3
375.15	81083.2
373.551	81358.7
371.951	81029.3
370.351	81009.4
368.751	80641.1
367.15	80597.8
365.55	80267.2
363.948	80325.5
362.347	80415
360.745	80389
359.143	80568.9
357.541	80463.3
355.938	80399.8
354.335	80300.5
352.732	80945
351.128	80494.8
349.525	80308.2
347.92	80240.1
346.316	81029
344.711	80409.4
343.106	80721.3
341.501	81075.2
339.895	80698.8
338.289	80758.3
336.683	80599.9
335.076	80245.5
333.469	80673.8
331.862	80061.3
330.255	80553.3
328.647	80507
327.039	80213.6
325.431	80214
323.822	80057.5
322.213	79988
320.604	80080.2
318.994	79603.8
317.384	79560.9
315.774	79783.4
314.163	79332.2
312.553	79340.5
310.941	79106.8
309.33	78921.2
307.718	78988.6
306.106	78100.6
304.494	78678.2
302.881	78023.1
301.268	77658.1
299.655	77975.1
298.042	76950.2
296.428	77358.6
294.814	76758.6
293.199	76999.6
291.584	76356.5
289.969	76424.2
288.354	76419
286.738	76098.2
285.122	76009.6
283.506	76210.3
281.889	75560.3
280.273	75355.9
278.655	75456.1
277.038	75177.5
275.42	74916.1
273.802	75316
272.183	75097.9
270.565	74824.3
268.946	74456.6
267.326	74360.7
265.707	74212.3
264.087	74127.3
262.467	73931.3
260.846	73718.3
259.225	73840.1
257.604	73681.2
255.982	73517.8
254.361	73096.9
252.739	73046.1
251.116	73126.3
249.493	72402.3
247.87	72385.5
246.247	72391.9
244.624	72227.3
243	71653.3
241.375	71615.1
239.751	71001.4
238.126	71060.3
236.501	70836.1
234.875	70356.7
233.25	70014.3
231.623	69547.5
229.997	69755.7
228.37	69616.5
226.743	69226.9
225.116	69170.8
223.488	68732.2
221.86	68547.2
220.232	68687.8
218.604	68008.6
216.975	68539
215.346	67852.4
213.716	67962.3
212.086	68271.6
210.456	67675.9
208.826	67782.6
207.195	67495.4
205.564	67392.2
203.933	67410.1
202.301	67492.3
200.669	66753.4
199.037	66788.2
197.405	66591.8
195.772	66444.5
194.139	65851.7
192.505	65947.9
190.871	65543.7
189.237	65084.6
187.603	64694.4
185.968	64176
184.333	64001.7
182.698	63592.1
181.062	63451.7
179.426	63396.9
177.79	63200
176.153	63310.2
174.516	63279.9
172.879	63069.4
171.242	63666.6
169.604	63596.5
167.966	63360.1
166.327	63746.3
164.688	63783
163.049	63580.3
161.41	63385.2
159.77	62905.1
158.13	62397.7
156.49	61645.2
154.849	61478.1
153.208	60291.8
151.567	59934.5
149.926	59563.8
148.284	59173.3
146.641	58827.2
144.999	58479.6
143.356	58459.4
141.713	58489.4
140.07	58993.9
138.426	59127.2
136.782	59056.7
135.137	59138.2
133.493	58195.2
131.848	56855.8
130.202	54593.2
128.557	50069.3
126.911	44180.1
125.265	36979.6
123.618	29315.7
121.971	22333.3
120.324	17039.7
118.677	13279.2
117.029	10953.9
115.381	9615.48
113.732	8691.57
112.083	7952.99
110.434	7366.3
108.785	6297.83
107.135	5305.54
105.485	4195.44
103.835	3043.35
102.184	2121.91
100.533	1526.4
